f1:  (x1=0.193873, x2=0.348642)
f2:  (x1=0.125028, x2=0.706016) -- To be tested further Log Marginal Likelyhood negative
f3:  (x1=0.714483, second missing , x2=0.444692)
f4:  ([0.62618935, 0.45704539, 0.0862789 , 0.8693763 ])
f5:  ([0.73847756, 0.34197768, 0.4976783,  0.40277545])
f6:  ([0.4659905,  0.29724591, 0.50667345, 0.79839654, 0.05830273])
f7:  ([0.05760415, 0.49137166, 0.24771621, 0.21773953, 0.41992462, 0.73108523])
f8:  ([0.58549396, 0.60235574, 0.19555371, 0.05332712, 0.28945606, 0.42215234, 0.66062271, 0.67986459]
